10 0.00930653
20 0.0069839
30 0.00600177
40 0.00530473
50 0.004313
60 0.00432237
70 0.00466497
80 0.00465313
90 0.00499823
100 0.00396327
110 0.0039984
120 0.0039897
130 0.0039962
140 0.00400313
150 0.0039997
160 0.00398977
170 0.00400643
180 0.0039894
190 0.0043216
200 0.0039962
210 0.00397603
220 0.00398943
230 0.00398937
240 0.00401997
250 0.0039799
260 0.00465397
270 0.00400083
280 0.0040109
290 0.00432543
300 0.0039889
310 0.00402047
320 0.00400057
330 0.00400013
340 0.00432203
350 0.00432
360 0.00433197
370 0.003987
380 0.0041931
390 0.00431233
400 0.00532923
410 0.00501007
420 0.00498647
430 0.00497557
440 0.00496537
450 0.0049868
460 0.00499477
470 0.0049859
480 0.0049859
490 0.00498737
500 0.0046756
510 0.00498987
520 0.00498903
530 0.00498617
540 0.00499617
550 0.0049954
560 0.00498593
570 0.00498653
580 0.0049969
590 0.0049867
600 0.0049874
610 0.00468793
620 0.0046871
630 0.00498313
640 0.00498577
650 0.00467223
660 0.0046542
670 0.00502073
680 0.00500617
690 0.0049972
700 0.00466563
710 0.0049869
720 0.00497903
730 0.00498647
740 0.00465263
750 0.00467283
760 0.00499783
770 0.00500403
780 0.00500507
790 0.0069986
800 0.0076463
810 0.00698123
820 0.00698133
830 0.0069909
840 0.00698067
850 0.00698117
860 0.006981
870 0.00698337
880 0.0070012
890 0.0069989
900 0.00683743
910 0.0073428
920 0.00700197
930 0.0073159
940 0.0073252
950 0.00697107
960 0.0066959
970 0.00700043
980 0.00697743
990 0.0069907
1000 0.00699863
