10 0.00469053
20 0.00299243
30 0.00203207
40 0.00199043
50 0.00200507
60 0.0019945
70 0.00201143
80 0.00199393
90 0.00201527
100 0.00167857
110 0.00167093
120 0.0016827
130 0.00166233
140 0.0016798
150 0.00167833
160 0.001661
170 0.00166853
180 0.00201237
190 0.00166213
200 0.0019947
210 0.00200487
220 0.0019936
230 0.0020122
240 0.0020127
250 0.00200357
260 0.00200883
270 0.00166053
280 0.00166063
290 0.0020005
300 0.00201393
310 0.0020103
320 0.00167943
330 0.00167003
340 0.0019944
350 0.00166067
360 0.00198233
370 0.00202877
380 0.00200953
390 0.00199377
400 0.00265927
410 0.00232703
420 0.0020048
430 0.00234497
440 0.00233863
450 0.0023255
460 0.00235527
470 0.00234883
480 0.00232833
490 0.00199417
500 0.00201557
510 0.0023505
520 0.00232707
530 0.00232407
540 0.0023372
550 0.00199537
560 0.00234787
570 0.0023284
580 0.00231123
590 0.00232637
600 0.00233813
610 0.00232687
620 0.00233007
630 0.00232977
640 0.00233887
650 0.00232677
660 0.00231607
670 0.00232767
680 0.0023454
690 0.00232673
700 0.0023447
710 0.002676
720 0.00265947
730 0.0023271
740 0.00267537
750 0.0023356
760 0.0023353
770 0.00233877
780 0.00233787
790 0.0036565
800 0.00334193
810 0.0033265
820 0.0033414
830 0.0030212
840 0.00366813
850 0.0033251
860 0.00400177
870 0.0039896
880 0.0033337
890 0.0033258
900 0.00332463
910 0.0033251
920 0.00332643
930 0.00334213
940 0.00333673
950 0.0036746
960 0.00333527
970 0.00400843
980 0.00365743
990 0.00333977
1000 0.00300327
