10 0.0189675
20 0.0138363
30 0.0106416
40 0.0109707
50 0.0093275
60 0.00931623
70 0.00930707
80 0.0090088
90 0.0093094
100 0.00797917
110 0.00820287
120 0.00867437
130 0.00799783
140 0.0089772
150 0.00798963
160 0.00794593
170 0.00797827
180 0.00799383
190 0.00801197
200 0.00834047
210 0.00866303
220 0.0086719
230 0.0086395
240 0.00900543
250 0.00799623
260 0.00864367
270 0.00899667
280 0.00799733
290 0.00900023
300 0.0083097
310 0.00831177
320 0.00899403
330 0.00864343
340 0.00852343
350 0.0082999
360 0.00798723
370 0.00833203
380 0.00834547
390 0.00899517
400 0.0103161
410 0.00999827
420 0.0103089
430 0.0099698
440 0.0103189
450 0.00997327
460 0.00998603
470 0.0106382
480 0.0103282
490 0.0103061
500 0.0099845
510 0.0103335
520 0.0103241
530 0.0103247
540 0.010516
550 0.0103056
560 0.0103095
570 0.00996983
580 0.0104597
590 0.0105169
600 0.0099732
610 0.0103054
620 0.0103338
630 0.00999063
640 0.0099637
650 0.0106382
660 0.0103001
670 0.0103058
680 0.00998203
690 0.0102953
700 0.0103091
710 0.0101879
720 0.0103057
730 0.0103059
740 0.0103256
750 0.010322
760 0.0099731
770 0.00997583
780 0.0102954
790 0.0141303
800 0.0143198
810 0.014969
820 0.0143046
830 0.0146418
840 0.0143089
850 0.0146238
860 0.0149599
870 0.0149611
880 0.013947
890 0.0152862
900 0.0143269
910 0.0149715
920 0.0149598
930 0.0149724
940 0.0149798
950 0.0146407
960 0.0146281
970 0.0149763
980 0.0146319
990 0.0149805
1000 0.0149785
