10 0.0029918
20 0.00265933
30 0.00198607
40 0.00200177
50 0.000991733
60 0.000995133
70 0.0010079
80 0.0009963
90 0.00100227
100 0.000664467
110 0.000988133
120 0.000996067
130 0.000649167
140 0.000660767
150 0.000659233
160 0.000995167
170 0.000655833
180 0.000656633
190 0.000643667
200 0.00101763
210 0.0003354
220 0.0003398
230 0
240 0.000342
250 0.00100073
260 0.0003434
270 0.0009945
280 0.000979867
290 0.000997633
300 0.0009959
310 0.000322167
320 0.0006651
330 0.0003321
340 0
350 0.000996633
360 0.0006765
370 0.0006682
380 0.000985467
390 0.0010058
400 0.000992733
410 0
420 0
430 0.0009971
440 0
450 0
460 0.0003405
470 0.000897133
480 0.000998
490 0
500 0
510 0
520 0.000332467
530 0.000997267
540 0
550 0
560 0.000340333
570 0.0010204
580 0.000985067
590 0.00100973
600 0.000330633
610 0.00100063
620 0.000996533
630 0.000332333
640 0.000997067
650 0.000664467
660 0
670 0
680 0.0005497
690 0.00101817
700 0.000332367
710 0.0003323
720 0
730 0
740 0
750 0.00100723
760 0.0009969
770 0.000999633
780 0
790 0.000332767
800 0
810 0
820 0
830 0
840 0.000330767
850 0
860 0
870 0
880 0
890 0.000339533
900 0
910 0
920 0
930 0
940 0.0006726
950 0.000664733
960 0
970 0.000333033
980 0
990 0
1000 0
