10 0.0129654
20 0.00866277
30 0.0060024
40 0.0059996
50 0.00466597
60 0.00463813
70 0.00434977
80 0.0049876
90 0.00467177
100 0.00299313
110 0.00332577
120 0.00365567
130 0.00334213
140 0.0030186
150 0.0029926
160 0.00333467
170 0.00297627
180 0.0033368
190 0.00332433
200 0.00232697
210 0.00200027
220 0.00199603
230 0.0019928
240 0.00231523
250 0.00302853
260 0.00232727
270 0.0029997
280 0.00232887
290 0.00264123
300 0.00298917
310 0.00298527
320 0.002976
330 0.00233307
340 0.00266013
350 0.00300877
360 0.00265807
370 0.002992
380 0.00265923
390 0.00297557
400 0.0023279
410 0.00199533
420 0.00199473
430 0.00199653
440 0.00201787
450 0.00199417
460 0.00233787
470 0.00199067
480 0.00197083
490 0.00231677
500 0.00199477
510 0.00200457
520 0.00202667
530 0.0019973
540 0.0019952
550 0.00234537
560 0.00231067
570 0.00300897
580 0.00201993
590 0.00232733
600 0.0019944
610 0.0019948
620 0.002327
630 0.0019948
640 0.0020178
650 0.0019955
660 0.00199573
670 0.0019951
680 0.0019978
690 0.00232417
700 0.00265907
710 0.0023259
720 0.00233857
730 0.00199437
740 0.0023165
750 0.00231153
760 0.00232983
770 0.0019948
780 0.00236923
790 0.00166447
800 0.00166157
810 0.0019946
820 0.00132963
830 0.00166237
840 0.0020223
850 0.00166237
860 0.0018497
870 0.00166247
880 0.00166273
890 0.0020117
900 0.00167783
910 0.001983
920 0.00166077
930 0.00166553
940 0.00200937
950 0.0016617
960 0.00166433
970 0.00162913
980 0.00199483
990 0.00162803
1000 0.00164717
