10 0.00652683
20 0.00433113
30 0.003316
40 0.00297317
50 0.00231833
60 0.00230937
70 0.00231823
80 0.0022955
90 0.0026506
100 0.00198547
110 0.00134133
120 0.00167167
130 0.00197467
140 0.0016627
150 0.0013127
160 0.00166163
170 0.00132753
180 0.00132927
190 0.0010009
200 0.00132073
210 0.00132797
220 0.0013432
230 0.0013306
240 0.00133133
250 0.00133893
260 0.000998333
270 0.00132313
280 0.0009937
290 0.000999733
300 0.001322
310 0.0009991
320 0.00166283
330 0.000991267
340 0.00134827
350 0.000990367
360 0.000868767
370 0.000996367
380 0.000992267
390 0.0013174
400 0.0009974
410 0.000998067
420 0.0009961
430 0.00132607
440 0.000996233
450 0.000995367
460 0.000994367
470 0.000969633
480 0.000996733
490 0.0009965
500 0.00100307
510 0.00100673
520 0.00100663
530 0.000997033
540 0.0010249
550 0.0010054
560 0.0009961
570 0.0010089
580 0.000996867
590 0.001001
600 0.000975533
610 0.0009974
620 0.000995933
630 0.0009725
640 0.0009958
650 0.000666633
660 0.000997233
670 0.0010184
680 0.0009925
690 0.000999233
700 0.000991167
710 0.0009971
720 0.0009881
730 0.000997233
740 0.000995233
750 0.000675
760 0.00100463
770 0.000999133
780 0.000665533
790 0.000665867
800 0.0009974
810 0.000332467
820 0.000997667
830 0.000657533
840 0.0010003
850 0.0006765
860 0.000332533
870 0.000998067
880 0.0003333
890 0.000331833
900 0.000664033
910 0.0003367
920 0.000331167
930 0.000998433
940 0.000997533
950 0.0009962
960 0.0003325
970 0.00101067
980 0.0006633
990 0.000997867
1000 0.0010113
