10 0.0149599
20 0.00999283
30 0.00700383
40 0.00696377
50 0.00631103
60 0.00661787
70 0.00664133
80 0.00629853
90 0.00598367
100 0.0063185
110 0.00598537
120 0.00697497
130 0.00629983
140 0.00598427
150 0.00665943
160 0.00616777
170 0.0060527
180 0.00607833
190 0.0067222
200 0.00797263
210 0.0079106
220 0.00797867
230 0.00814757
240 0.00799637
250 0.00797063
260 0.00829293
270 0.00798097
280 0.00798843
290 0.0080168
300 0.0079882
310 0.00798843
320 0.00799867
330 0.00797373
340 0.00897627
350 0.00817867
360 0.00797347
370 0.00797837
380 0.0079902
390 0.00964353
400 0.0129901
410 0.0130006
420 0.0128477
430 0.012661
440 0.0128118
450 0.0129947
460 0.0129747
470 0.0129661
480 0.0129651
490 0.012633
500 0.0129653
510 0.0126217
520 0.012644
530 0.0126328
540 0.0126457
550 0.0123296
560 0.012313
570 0.0126593
580 0.0129626
590 0.0126373
600 0.0129671
610 0.0126515
620 0.0126543
630 0.012976
640 0.0129815
650 0.012633
660 0.0126415
670 0.0129611
680 0.0129667
690 0.0129772
700 0.0126332
710 0.0126407
720 0.0129654
730 0.0129884
740 0.0121986
750 0.0126331
760 0.0126603
770 0.0123043
780 0.0126538
790 0.0229334
800 0.0222834
810 0.0222738
820 0.0229457
830 0.0222818
840 0.0219413
850 0.0222738
860 0.0219412
870 0.0232713
880 0.0222737
890 0.0222752
900 0.0222735
910 0.0227709
920 0.022293
930 0.022632
940 0.0226049
950 0.0219208
960 0.0222736
970 0.0219409
980 0.0219345
990 0.0222745
1000 0.0232713
