10 0.00328317
20 0.00232713
30 0.00171693
40 0.00154997
50 0.00198163
60 0.0016511
70 0.000969833
80 0.0019949
90 0.0010198
100 0.000999
110 0.00199823
120 0.000996467
130 0.00196987
140 0.0013152
150 0.000982633
160 0.0019956
170 0.000999867
180 0.001329
190 0.000995833
200 0.0020106
210 0.00201033
220 0.00230933
230 0.001992
240 0.00164417
250 0.00198797
260 0.00166803
270 0.00200117
280 0.00201443
290 0.00233133
300 0.0020048
310 0.00199773
320 0.0019933
330 0.00200117
340 0.00200303
350 0.00198147
360 0.0019943
370 0.00166973
380 0.00200177
390 0.00232533
400 0.00299147
410 0.00332197
420 0.00331673
430 0.00298337
440 0.00332523
450 0.0030143
460 0.00300507
470 0.00299247
480 0.0033248
490 0.0029977
500 0.00298397
510 0.00296893
520 0.00301373
530 0.00296997
540 0.00298137
550 0.00298277
560 0.00299237
570 0.0030224
580 0.0030024
590 0.0030106
600 0.0029921
610 0.00298367
620 0.00332447
630 0.0029918
640 0.0033429
650 0.0033244
660 0.00332793
670 0.00298617
680 0.00300483
690 0.0029793
700 0.0029941
710 0.00297807
720 0.00298923
730 0.00298193
740 0.00299043
750 0.0033243
760 0.003002
770 0.00301443
780 0.0033234
790 0.00568107
800 0.0056515
810 0.00498813
820 0.00500073
830 0.005983
840 0.0053371
850 0.004987
860 0.00598757
870 0.00497933
880 0.00496817
890 0.00499103
900 0.00497787
910 0.0053091
920 0.00497947
930 0.0049719
940 0.004988
950 0.00498733
960 0.00598363
970 0.00565187
980 0.00599447
990 0.00533143
1000 0.00498653
