10 0.00797303
20 0.00465437
30 0.00367813
40 0.00365227
50 0.00302837
60 0.00332377
70 0.00331487
80 0.00299157
90 0.003009
100 0.00299197
110 0.00299227
120 0.0030108
130 0.00299373
140 0.00300957
150 0.00300623
160 0.00335473
170 0.00331433
180 0.00329537
190 0.00299197
200 0.0039984
210 0.0039925
220 0.00365863
230 0.00399377
240 0.0043115
250 0.0039872
260 0.0039594
270 0.00397547
280 0.00396923
290 0.00397973
300 0.00398103
310 0.00399473
320 0.0039941
330 0.00398927
340 0.00398283
350 0.00399127
360 0.0039877
370 0.0036789
380 0.0039766
390 0.0049969
400 0.00629453
410 0.0063179
420 0.0059863
430 0.00664947
440 0.00663263
450 0.0063091
460 0.00595043
470 0.00630527
480 0.00631713
490 0.00631657
500 0.00664733
510 0.00631653
520 0.00630593
530 0.0063282
540 0.00631497
550 0.00632117
560 0.00629983
570 0.00631413
580 0.00631667
590 0.00631683
600 0.00664377
610 0.00596737
620 0.00633207
630 0.006002
640 0.00630047
650 0.00666683
660 0.0059841
670 0.0063404
680 0.00598413
690 0.00617687
700 0.0059857
710 0.00630583
720 0.0063166
730 0.00663653
740 0.00631527
750 0.00598567
760 0.00665823
770 0.00634183
780 0.00631647
790 0.0113076
800 0.0109703
810 0.011303
820 0.0113026
830 0.0109793
840 0.0116314
850 0.0113036
860 0.0113095
870 0.0112937
880 0.0109714
890 0.0112865
900 0.0112801
910 0.0109863
920 0.0109525
930 0.0109704
940 0.0109663
950 0.0112912
960 0.0109864
970 0.0113152
980 0.0109837
990 0.0113215
1000 0.0113362
