R: 0 1.430511474609375e-06 0
B: 0 5.4836273193359375e-06 0
C: 0 2.4557113647460938e-05 0
M: 0 5.0067901611328125e-06 0
R: 1 4.76837158203125e-06 1
B: 1 9.5367431640625e-06 1
C: 1 7.152557373046875e-06 1
M: 1 3.814697265625e-06 1
R: 3 3.5762786865234375e-06 2
B: 3 5.4836273193359375e-06 2
C: 3 6.9141387939453125e-06 2
M: 3 1.2636184692382812e-05 2
R: 5 3.814697265625e-06 5
B: 5 5.4836273193359375e-06 5
C: 5 8.58306884765625e-06 5
M: 5 1.7642974853515625e-05 5
R: 8 9.298324584960938e-06 21
B: 8 5.4836273193359375e-06 21
C: 8 9.5367431640625e-06 21
M: 8 2.7418136596679688e-05 21
R: 11 2.5510787963867188e-05 89
B: 11 5.245208740234375e-06 89
C: 11 6.67572021484375e-06 89
M: 11 1.9788742065429688e-05 89
R: 15 0.00015211105346679688 610
B: 15 5.245208740234375e-06 610
C: 15 2.5510787963867188e-05 610
M: 15 2.193450927734375e-05 610
R: 19 0.0009799003601074219 4181
B: 19 6.198883056640625e-06 4181
C: 19 2.6941299438476562e-05 4181
M: 19 3.0040740966796875e-05 4181
R: 23 0.00689387321472168 28657
B: 23 1.2874603271484375e-05 28657
C: 23 1.1205673217773438e-05 28657
M: 23 2.7894973754882812e-05 28657
R: 27 0.04267311096191406 196418
B: 27 1.1920928955078125e-05 196418
C: 27 1.0967254638671875e-05 196418
M: 27 3.1948089599609375e-05 196418
R: 32 0.46109652519226074 2178309
B: 32 1.0967254638671875e-05 2178309
C: 32 3.337860107421875e-05 2178309
M: 32 9.751319885253906e-05 2178309
R: 36 3.1517608165740967 14930352
B: 36 1.1205673217773438e-05 14930352
C: 36 1.4543533325195312e-05 14930352
M: 36 6.771087646484375e-05 14930352
