R: 0 1.6689300537109375e-06 0
B: 0 3.814697265625e-06 0
C: 0 6.198883056640625e-06 0
M: 0 2.86102294921875e-06 0
R: 1 1.6689300537109375e-06 1
B: 1 3.0994415283203125e-06 1
C: 1 3.5762786865234375e-06 1
M: 1 2.6226043701171875e-06 1
R: 3 2.384185791015625e-06 2
B: 3 3.814697265625e-06 2
C: 3 4.76837158203125e-06 2
M: 3 1.049041748046875e-05 2
R: 5 3.337860107421875e-06 5
B: 5 3.814697265625e-06 5
C: 5 5.4836273193359375e-06 5
M: 5 1.3113021850585938e-05 5
R: 8 7.3909759521484375e-06 21
B: 8 4.291534423828125e-06 21
C: 8 7.3909759521484375e-06 21
M: 8 2.4080276489257812e-05 21
R: 11 2.384185791015625e-05 89
B: 11 5.0067901611328125e-06 89
C: 11 5.7220458984375e-06 89
M: 11 1.8358230590820312e-05 89
R: 15 0.00018715858459472656 610
B: 15 5.0067901611328125e-06 610
C: 15 5.7220458984375e-06 610
M: 15 2.4318695068359375e-05 610
R: 19 0.0009458065032958984 4181
B: 19 9.775161743164062e-06 4181
C: 19 6.4373016357421875e-06 4181
M: 19 2.4080276489257812e-05 4181
R: 23 0.006086587905883789 28657
B: 23 8.106231689453125e-06 28657
C: 23 1.0967254638671875e-05 28657
M: 23 2.6226043701171875e-05 28657
R: 27 0.041837453842163086 196418
B: 27 1.1205673217773438e-05 196418
C: 27 1.1205673217773438e-05 196418
M: 27 3.2901763916015625e-05 196418
R: 32 0.4493570327758789 2178309
B: 32 1.0967254638671875e-05 2178309
C: 32 1.8835067749023438e-05 2178309
M: 32 9.012222290039062e-05 2178309
R: 36 3.11125111579895 14930352
B: 36 1.0728836059570312e-05 14930352
C: 36 1.5020370483398438e-05 14930352
M: 36 6.747245788574219e-05 14930352
R: 42 56.91646146774292 267914296
B: 42 1.3589859008789062e-05 267914296
C: 42 1.621246337890625e-05 267914296
M: 42 5.8650970458984375e-05 267914296
B: 47 1.0251998901367188e-05 2971215073
C: 47 7.62939453125e-06 2971215073
M: 47 3.123283386230469e-05 2971215073
B: 52 1.049041748046875e-05 32951280099
C: 52 1.1444091796875e-05 32951280099
M: 52 8.463859558105469e-05 32951280099
B: 58 1.0728836059570312e-05 591286729879
C: 58 9.059906005859375e-06 591286729879
M: 58 6.461143493652344e-05 591286729879
B: 64 1.0967254638671875e-05 10610209857723
C: 64 2.384185791015625e-05 10610209857723
M: 64 0.00016760826110839844 10610209857723
B: 70 1.049041748046875e-05 190392490709135
C: 70 1.0728836059570312e-05 190392490709135
M: 70 6.4849853515625e-05 190392490709135
B: 76 1.2874603271484375e-05 3416454622906707
C: 76 1.1920928955078125e-05 3416454622906708
M: 76 8.320808410644531e-05 3416454622906707
B: 83 1.2874603271484375e-05 99194853094755497
C: 83 8.58306884765625e-06 99194853094755552
M: 83 5.316734313964844e-05 99194853094755497
B: 89 1.33514404296875e-05 1779979416004714189
C: 89 9.298324584960938e-06 1779979416004716288
M: 89 6.818771362304688e-05 1779979416004714189
B: 96 1.4066696166992188e-05 51680708854858323072
C: 96 2.1696090698242188e-05 51680708854858375168
M: 96 0.00023293495178222656 51680708854858323072
B: 103 1.4543533325195312e-05 1500520536206896083277
C: 103 7.3909759521484375e-06 1500520536206897315840
M: 103 4.9114227294921875e-05 1500520536206896083277
B: 110 1.5020370483398438e-05 43566776258854844738105
C: 110 7.867813110351562e-06 43566776258854891028480
M: 110 6.413459777832031e-05 43566776258854844738105
B: 118 1.5974044799804688e-05 2046711111473984623691759
C: 118 8.344650268554688e-06 2046711111473987833561088
M: 118 7.2479248046875e-05 2046711111473984623691759
B: 125 1.6927719116210938e-05 59425114757512643212875125
C: 125 7.152557373046875e-06 59425114757512748293160960
M: 125 7.271766662597656e-05 59425114757512643212875125
B: 133 1.9550323486328125e-05 2791715456571051233611642553
C: 133 1.5974044799804688e-05 2791715456571051304445542400
M: 133 0.00010347366333007812 2791715456571051233611642553
B: 140 1.8358230590820312e-05 81055900096023504197206408605
C: 140 1.6689300537109375e-05 81055900096023457717939077120
M: 140 0.00014472007751464844 81055900096023504197206408605
B: 148 2.193450927734375e-05 3807901929474025356630904134051
C: 148 3.7670135498046875e-05 3807901929474026408316988555264
M: 148 0.00015044212341308594 3807901929474025356630904134051
B: 156 3.9577484130859375e-05 178890334785183168257455287891792
C: 156 2.6941299438476562e-05 178890334785183285111253073133568
M: 156 0.00011157989501953125 178890334785183168257455287891792
B: 164 2.2649765014648438e-05 8404037832974134882743767626780173
C: 164 2.1696090698242188e-05 8404037832974144898249353095806976
M: 164 0.00016641616821289062 8404037832974134882743767626780173
B: 173 2.5987625122070312e-05 638817435613190341905763972389505493
C: 173 1.430511474609375e-05 638817435613191690311910707297255424
M: 173 7.963180541992188e-05 638817435613190341905763972389505493
B: 181 2.9087066650390625e-05 30010821454963453907530667147829489881
C: 181 1.4543533325195312e-05 30010821454963524492375959632772857856
M: 181 8.96453857421875e-05 30010821454963453907530667147829489881
B: 190 3.0517578125e-05 2281217241465037496128651402858212007295
C: 190 1.2159347534179688e-05 2281217241465043831414194128733348036608
M: 190 8.559226989746094e-05 2281217241465037496128651402858212007295
B: 198 2.6464462280273438e-05 107168651819712326877926895128666735145224
C: 198 1.52587890625e-05 107168651819712623613862900477738595909632
M: 198 0.00014448165893554688 107168651819712326877926895128666735145224
B: 207 2.5987625122070312e-05 8146227408089084511865756065370647467555938
C: 207 7.867813110351562e-06 8146227408089099512804759912206023354482688
M: 207 0.00010609626770019531 8146227408089084511865756065370647467555938
B: 216 2.86102294921875e-05 619220451666590135228675387863297874269396512
C: 216 2.0742416381835938e-05 619220451666591298537351969235338732760989696
M: 216 0.00022101402282714844 619220451666590135228675387863297874269396512
B: 225 2.9802322387695312e-05 47068900554068939361891195233676009091941690850
C: 225 1.9788742065429688e-05 47068900554069091952021730622342978009697353728
M: 225 0.00020170211791992188 47068900554068939361891195233676009091941690850
B: 234 2.8848648071289062e-05 3577855662560905981638959513147239988861837901112
C: 234 1.239776611328125e-05 3577855662560916343692853656743635208184134631424
M: 234 0.00013113021850585938 3577855662560905981638959513147239988861837901112
B: 244 4.839897155761719e-05 440047156314635932379335110006072428645041207574883
C: 244 3.2901763916015625e-05 440047156314636813206765501539881151142245691293696
M: 244 0.00017118453979492188 440047156314635932379335110006072428645041207574883
B: 253 3.361701965332031e-05 33449372971981195681356806732944396691005381570580873
C: 253 8.106231689453125e-06 33449372971981318715613282903174611035296756158955520
M: 253 6.818771362304688e-05 33449372971981195681356806732944396691005381570580873
B: 263 3.361701965332031e-05 4114000911454431885883343305337966369078499341559272017
C: 263 1.5974044799804688e-05 4114000911454429060198398050054073147885242347786600448
M: 263 0.00014066696166992188 4114000911454431885883343305337966369078499341559272017
B: 272 3.528594970703125e-05 312718191492907860985910767785256677811449301165198482789
C: 272 4.9591064453125e-05 312718191492907601317528121150065459405424933017424494592
M: 272 0.00042891502380371094 312718191492907860985910767785256677811449301165198482789
B: 282 5.221366882324219e-05 38461794961234640015759308940939757590587318989278841661816
C: 282 2.1219253540039062e-05 38461794961234593814357251605791331470115459625400412405760
M: 282 0.0001468658447265625 38461794961234640015759308940939757590587318989278841661816
B: 292 4.076957702636719e-05 4730488062040367814077409088967804926964428786380132325920579
C: 292 3.62396240234375e-05 4730488062040367528475630892699624326978553939148516741873664
M: 292 0.000278472900390625 4730488062040367814077409088967804926964428786380132325920579
B: 302 4.38690185546875e-05 581811569836004006491505558634099066259034153405766997246569401
C: 302 1.6450881958007812e-05 581811569836004540183619344774358569970002633383940278492069888
M: 302 0.00010204315185546875 581811569836004006491505558634099066259034153405766997246569401
B: 312 4.3392181396484375e-05 71558092601766452430641106302905217344934236440122960529002115744
C: 312 2.193450927734375e-05 71558092601766538090064722438381796502856637927280550801230004224
M: 312 0.00022101402282714844 71558092601766452430641106302905217344934236440122960529002115744
B: 322 4.1961669921875e-05 8801063578447437644962364569698707634360652047981718378070013667111
C: 322 3.266334533691406e-05 8801063578447461713403531958404939150688835300889512001108675919872
M: 322 0.0003311634063720703 8801063578447437644962364569698707634360652047981718378070013667111
B: 333 5.698204040527344e-05 1751455877444438095408940282208383549115781784912085789506677971125378
C: 333 1.4781951904296875e-05 1751455877444442217920622499996041442354017864304182392444851387891712
M: 333 0.0001804828643798828 1751455877444438095408940282208383549115781784912085789506677971125378
B: 343 4.839897155761719e-05 215414832505658809004682396169711233230800418578767753330908886771798637
C: 343 1.33514404296875e-05 215414832505659675960359888164757434933997744377377243768235103656869888
M: 343 7.462501525878906e-05 215414832505658809004682396169711233230800418578767753330908886771798637
B: 354 6.508827209472656e-05 42868634127888159424995674777973502051063092312442448224088410550266867672
C: 354 2.288818359375e-05 42868634127888382578475857517715950358717910896484955071470273789870211072
M: 354 0.0002620220184326172 42868634127888159424995674777973502051063092312442448224088410550266867672
B: 364 5.626678466796875e-05 5272493449209568587646043973612216714255778679494571578509044290696557106323
C: 364 1.5735626220703125e-05 5272493449209593028328629712760947941018342182655464760587996228536391172096
M: 364 0.00016736984252929688 5272493449209568587646043973612216714255778679494571578509044290696557106323
B: 375 6.461143493652344e-05 1049252690665646467530632231274619718410203796555123147644873726135009824265250
C: 375 2.9087066650390625e-05 1049252690665652888888878925523446499358658350619979530806627531430162593742848
M: 375 0.00011587142944335938 1049252690665646467530632231274619718410203796555123147644873726135009824265250
B: 386 7.891654968261719e-05 208806557935912856607183460067622936180344811293149000952908380545157651585891073
C: 386 4.4345855712890625e-05 208806557935913819212722986526928980053916228472014686757968609020247552680787968
M: 386 0.0005059242248535156 208806557935912856607183460067622936180344811293149000952908380545157651585891073
B: 397 5.7697296142578125e-05 41553554281937324111297039185688238919607027651133206312776412602212507675416588777
C: 397 1.9788742065429688e-05 41553554281937564492993089106673741578160684757559636340945801607566104143417311232
M: 397 0.00016164779663085938 41553554281937324111297039185688238919607027651133206312776412602212507675416588777
B: 408 5.817413330078125e-05 8269366108663463411004717981412027167937978847386801205243459016220834185059487057696
C: 408 3.0994415283203125e-05 8269366108663493100931986296114418464591171843628624183807713447494020074242320629760
M: 408 0.00033402442932128906 8269366108663463411004717981412027167937978847386801205243459016220834185059487057696
B: 419 5.7220458984375e-05 1645645409178311156114050175340179094658577397657624573049761120640548215334513341070281
C: 419 1.6689300537109375e-05 1645645409178316796762448207873543628486425945396293583618590367278519102392341981298688
M: 419 0.0001773834228515625 1645645409178311156114050175340179094658577397657624573049761120640548215334513341070281
B: 430 5.316734313964844e-05 327491705792592583530106989610677051864224840112714676838107706466485315685753214360043615
C: 430 1.1444091796875e-05 327491705792593515819444441938216905316804900295192018580592245355593368729076378130972672
M: 430 0.00011515617370605469 327491705792592583530106989610677051864224840112714676838107706466485315685753214360043615
B: 442 5.459785461425781e-05 105451312200418509472233218252791250124300248070284575192001929323724066635389191391425662871
C: 442 1.239776611328125e-05 105451312200418972753911493610489546465357477372675175184909842132476019860475769206863822848
M: 442 0.00013780593872070312 105451312200418509472233218252791250124300248070284575192001929323724066635389191391425662871
B: 453 5.7697296142578125e-05 20985341020594289480596202471862246559405946478745659997715004840583924030397583511583383173698
C: 453 3.337860107421875e-05 20985341020594429022084448683981460523218524794431561974659470465974471437590195196535660085248
M: 453 0.0002307891845703125 20985341020594289480596202471862246559405946478745659997715004840583924030397583511583383173698
B: 465 6.198883056640625e-05 6757214636136263077649543548534660692055214690754342691385916202184675586569652210505678392181090
C: 465 2.1696090698242188e-05 6757214636136300926451166647951185447849651686903619246030134733813404430759952126150339157032960
M: 465 0.000270843505859375 6757214636136263077649543548534660692055214690754342691385916202184675586569652210505678392181090
B: 476 0.00011086463928222656 1344719667586153181419716641724567886890850696275767987106294472017884974410332069524504824747437757
C: 476 1.52587890625e-05 1344719667586161862905090710003213869756248366794064178906134015011270111450708737342838739121995776
M: 476 0.00017333030700683594 1344719667586153181419716641724567886890850696275767987106294472017884974410332069524504824747437757
B: 488 6.532669067382812e-05 432995556774426913953123610518785740738997352293147773391602699511793756235520810632382557083997728981
C: 488 2.4318695068359375e-05 432995556774428642143335313510380741086712024775782255404011182825041156740465452432231934141237559296
M: 488 0.00037217140197753906 432995556774426913953123610518785740738997352293147773391602699511793756235520810632382557083997728981
B: 500 6.771087646484375e-05 139423224561697880139724382870407283950070256587697307264108962948325571622863290691557658876222521294125
C: 500 3.886222839355469e-05 139423224561698860077569867123789093920846216317262798534343293547940537114455890192448867913004732121088
M: 500 0.00027751922607421875 139423224561697880139724382870407283950070256587697307264108962948325571622863290691557658876222521294125
B: 512 7.104873657226562e-05 44893845313309942978077298160660626646181883623886239791269694466661322268805744081870933775586567858979269
C: 512 0.0001652240753173828 44893845313309876079055967666653170161412741927174137840889607651486440255823827137566401259620697949339648
M: 512 0.0013582706451416016 44893845313309942978077298160660626646181883623886239791269694466661322268805744081870933775586567858979269
B: 524 7.319450378417969e-05 14455678767661239941060750283349851372786616456634781515481577509301997444983826731071749118079998628070030493
C: 524 4.8160552978515625e-05 14455678767661219085761384816816874494952985021744220872290995649402752745415567747037674244863667643493646336
M: 524 0.0003705024719238281 14455678767661239941060750283349851372786616456634781515481577509301997444983826731071749118079998628070030493
B: 536 6.866455078125e-05 4654683669341605951078583513940491481410644317152775761745276688300776515962523401661021345087983971670690839477
C: 536 4.6253204345703125e-05 4654683669341604759431025434882542014482618717158633555055202962650082082562355954438666180301080622005198258176
M: 536 0.00044798851013183594 4654683669341605951078583513940491481410644317152775761745276688300776515962523401661021345087983971670690839477
B: 548 8.320808410644531e-05 1498793685849229455007362830738554907162854683506737160500463612055340736142487551508117801369212758879334380281101
C: 548 4.9591064453125e-05 1498793685849227449160706137102144957910255741261099413967820551206733376293316529993954929043664761406233251938304
M: 548 0.0004439353942871094 1498793685849229455007362830738554907162854683506737160500463612055340736142487551508117801369212758879334380281101
B: 561 7.843971252441406e-05 780874387080163078248199965737509262329013916319215686595797193367941421167791036694055215484387373157337934789055586
C: 561 3.2901763916015625e-05 780874387080161076137529021657652664257759780224185241572222865782074708810195021636601705636886984008581640840282112
M: 561 0.0002675056457519531 780874387080163078248199965737509262329013916319215686595797193367941421167791036694055215484387373157337934789055586
B: 573 7.700920104980469e-05 251439127540686683410355036436498964627214165334435973635196551498669275073731875734673432234676222479684794771243158018
C: 573 1.4781951904296875e-05 251439127540686267837490652033795432828283754119941472211380870727450111308992174235534424384433244265692292791400398848
M: 573 0.00010037422180175781 251439127540686683410355036436498964627214165334435973635196551498669275073731875734673432234676222479684794771243158018
B: 586 7.772445678710938e-05 131000268055609921839337880403168874871518195097038587116150308718344497444830568622793920406537331453336153249817445002423
C: 586 3.3855438232421875e-05 131000268055609923509033557809804270619899024851990978909284285709902106654844209267942134016950730660680834505992533180416
M: 586 0.00029349327087402344 131000268055609921839337880403168874871518195097038587116150308718344497444830568622793920406537331453336153249817445002423
B: 598 8.440017700195312e-05 42181679476851932381453800722630865635564630497833168056520945836468719867699673941267037216629635560783613614497857812538799
C: 598 2.384185791015625e-05 42181679476852019568425172844855494500093201306625843042849444212824258339914538805606059038302691803761885684288147414843392
M: 598 0.00017952919006347656 42181679476851932381453800722630865635564630497833168056520945836468719867699673941267037216629635560783613614497857812538799
B: 611 8.797645568847656e-05 21976735970058050484769325232564213583058273190003304329511707627493988429210162443896321918015164477427513778499962325840540489
C: 611 2.47955322265625e-05 21976735970058104789586473350497885923899158085104048322025112651620434408546237583150569076340710865032996028152223871625330688
M: 611 0.0001881122589111328 21976735970058050484769325232564213583058273190003304329511707627493988429210162443896321918015164477427513778499962325840540489
B: 624 8.368492126464844e-05 11449921622079721154497199899966677907638995896622219388843656194870204440338362332943924986323117322375295462212094869620734133568
C: 624 3.6716461181640625e-05 11449921622079748781666846357380381311382233567247884673597648497190475320939401740954152999745180845380021814412917289019796094976
M: 624 0.0004229545593261719 11449921622079721154497199899966677907638995896622219388843656194870204440338362332943924986323117322375295462212094869620734133568
B: 637 8.416175842285156e-05 5965431141839504779543525917207871754093499920413366304891874389235004007404715985626228814196262140122006363326279927034728324129417
C: 637 1.0013580322265625e-05 5965431141839524943212351695042266652467237408541311166876035343030272113893924258862109315807573698747266264784612115866630678904832
M: 637 8.368492126464844e-05 5965431141839504779543525917207871754093499920413366304891874389235004007404715985626228814196262140122006363326279927034728324129417
B: 650 8.392333984375e-05 3108001074820004069863331500065201150560621097531260467068055400447631958062297366873598156121238898120887690588454054079963077605559825
C: 650 3.218650817871094e-05 3108001074820019854851475563552542940302092370870935008526473943315623866462857558538746182732511548325271668765380765760774064413081600
M: 650 0.00034880638122558594 3108001074820004069863331500065201150560621097531260467068055400447631958062297366873598156121238898120887690588454054079963077605559825
B: 663 8.344650268554688e-05 1619274525412363959903575255059887007313837685313707116708761755507605485154464332857130265567979662183122608802947888455587798160820798242
C: 663 1.2874603271484375e-05 1619274525412372525255065518360360719318994505158139179487307255025660215642415483140225926534340936013497732092654612211482008198662062080
M: 663 0.00011134147644042969 1619274525412363959903575255059887007313837685313707116708761755507605485154464332857130265567979662183122608802947888455587798160820798242
B: 676 8.487701416015625e-05 843645135740916443113832571217701196011659994669538939065731942674862905397433979715931741959073525236305000074026438339415322804865241443907
C: 676 4.0531158447265625e-05 843645135740922581093109886889342627861613618273925686047608109799111882761968640276606363437478259781078758910969610585643926403595999641600
M: 676 0.00039768218994140625 843645135740916443113832571217701196011659994669538939065731942674862905397433979715931741959073525236305000074026438339415322804865241443907
B: 689 9.822845458984375e-05 439540734995542879226266673179677383009082171060515100960363050895359081317548257896333294690942874627777088161176577322723838769132951613073789
C: 689 2.7418136596679688e-05 439540734995546661668708580537672475895154125789405661314765079873831843661314310936208825779995989760339648733864469670433024809486575313354752
M: 689 0.00025534629821777344 439540734995542879226266673179677383009082171060515100960363050895359081317548257896333294690942874627777088161176577322723838769132951613073789
B: 702 0.00010991096496582031 229001566577813580993328050559183134248927822782523037139288215248424756229348039797969362465723196754597099236973070811577459414041072655652887976
C: 702 1.0728836059570312e-05 229001566577815787103318236601542559554065618276446363768466619914590041631744038119415810868110532401067089236834476422488317367857343822450130944
M: 702 0.00013136863708496094 229001566577813580993328050559183134248927822782523037139288215248424756229348039797969362465723196754597099236973070811577459414041072655652887976
B: 716 0.000152587890625 193048048973983181421514924194289363095619311241528324991492595362812366177810042904423919117787628092739003046738254876558249313623756961376768580637
C: 716 4.291534423828125e-05 193048048973985138104932912658597596657269545323853019187564063759531790271451754514901383559718944025319004046082787837772566348630850387687325564928
M: 716 0.0003006458282470703 193048048973983181421514924194289363095619311241528324991492595362812366177810042904423919117787628092739003046738254876558249313623756961376768580637
B: 729 0.00010418891906738281 100578404047763437394925058182912858967758816645240854669260846530023147100649579758906802170865134804283198088355735627634798716539277515304438631163554
C: 729 2.0742416381835938e-05 100578404047764382340584581352845358482017991369232154712806425639117265939903112545524294885237602507747405680903411391442418570798230597131948248793088
M: 729 0.00018835067749023438 100578404047763437394925058182912858967758816645240854669260846530023147100649579758906802170865134804283198088355735627634798716539277515304438631163554
B: 743 0.00010514259338378906 84787475302008849948050583645054932102228061357533288620624028954689005525654241165112151230105130703534283968767405582965065908863532391233655219303166737
C: 743 1.621246337890625e-05 84787475302009783918076051013166051576554564270547738920959863778883187905518736509003187466120918608923183575439164346431892241137891236613433502736580608
M: 743 0.00011348724365234375 84787475302008849948050583645054932102228061357533288620624028954689005525654241165112151230105130703534283968767405582965065908863532391233655219303166737
B: 756 0.0001049041748046875 44174437371622894324178478835161387360634726440105292156940563876511574514442122784660251180450620029046120929952789609836687206310494301245811737217210458992
C: 756 2.4080276489257812e-05 44174437371623404440057188577968677493687297358542369620806633269731344254690147423500642982616618086233466985485992000527284680188804443477673023775495421952
M: 756 0.00024008750915527344 44174437371622894324178478835161387360634726440105292156940563876511574514442122784660251180450620029046120929952789609836687206310494301245811737217210458992
B: 770 0.00010704994201660156 37238998302736542981557591720664221323221262823569669806574084338006722578252257702859727311771517744632859284311258604707327062313057129673010063900204812137985
C: 770 7.319450378417969e-05 37238998302736882649686986124127199483396221306298889577288510976148099404616756612253494434053700577993206003943634098459742749637713979178884784305460029161472
M: 770 0.0009350776672363281 37238998302736542981557591720664221323221262823569669806574084338006722578252257702859727311771517744632859284311258604707327062313057129673010063900204812137985
B: 784 0.00010538101196289062 31392431394769534110558725642041103414088163925542791541649796156375790621892138801387965463572209008105471330553461050978666876842700849820046238056135439421862363
C: 784 7.557868957519531e-05 31392431394769867527164402781213888779349323468276462751281869946133411289687890925103339335937191593865841553948305562625414467698760555550230413288612937779380224
M: 784 0.0010292530059814453 31392431394769534110558725642041103414088163925542791541649796156375790621892138801387965463572209008105471330553461050978666876842700849820046238056135439421862363
B: 798 0.00011777877807617188 26463782426792414518658024158648929513854998967969749699940971585740453487532494757312352026064060422315167698797283354716411469851334503341169305671258275227817834024
C: 798 2.09808349609375e-05 26463782426792721506771845885096365314875364700703141952062146589149170154240961583561856923028284196367340999353238360699025033383363967613774177294919390856048803840
M: 798 0.00017213821411132812 26463782426792414518658024158648929513854998967969749699940971585740453487532494757312352026064060422315167698797283354716411469851334503341169305671258275227817834024
B: 811 0.00010466575622558594 13787681438379834200595023949629790030968901073603415504224340988131204131445471231759779408115378269776131884582346904536507241527525506970736829205739365581273575674789
C: 811 1.811981201171875e-05 13787681438379958777145958763456322264969370522271941626272841521321609142195810542892158966373729426234771878902056904413213684633011663701858046637077918380555929387008
M: 811 0.0001761913299560547 13787681438379834200595023949629790030968901073603415504224340988131204131445471231759779408115378269776131884582346904536507241527525506970736829205739365581273575674789
B: 826 0.00010919570922851562 18806407590215510002138032351289828220511849230267577452190381964685121965216498079221498772563486619625235461902560164894842403210733983733578886437689669451922855483515543
C: 826 2.3365020751953125e-05 18806407590215653823198927402721557672155794135108358908543579955993841865787975539253123476070709506641591805545100709906618063634541259590048452896049155491812053243396096
M: 826 0.00021696090698242188 18806407590215510002138032351289828220511849230267577452190381964685121965216498079221498772563486619625235461902560164894842403210733983733578886437689669451922855483515543
B: 840 0.00011873245239257812 15853779289614481577191691577533518174485949824765525957623037737532160833631593681512535189759649213804709691705593604227037581022758330489263385511067756715301085561591382880
C: 840 5.555152893066406e-05 15853779289614594556765163214724425338090555645462578501795923556692701439686423461290660661372508734040186666237751288048380451125453117652269899988994161127718066114780987392
M: 840 0.0007007122039794922 15853779289614481577191691577533518174485949824765525957623037737532160833631593681512535189759649213804709691705593604227037581022758330489263385511067756715301085561591382880
B: 854 0.00011754035949707031 13364717134737417754062593861828404531263435190428108114698768622357646897629468257016987943468611723750750644872353505803227785959782061868465300406943681221329363205566052252297
C: 854 1.8835067749023438e-05 13364717134737492217765566359174096248136678294511497006824897682514278058148339356748662168533961386832632901137974149684657809719791271364127904337913696764540457172137947430912
M: 854 0.00021147727966308594 13364717134737417754062593861828404531263435190428108114698768622357646897629468257016987943468611723750750644872353505803227785959782061868465300406943681221329363205566052252297
B: 868 0.00011563301086425781 11266440690804353552193189433829767486336901379581070375165104325609758802540808109071639323808849923472668988917702299798516796526515255396785758979668012201823937881206620457303491
C: 868 3.0994415283203125e-05 11266440690804442654495202388262796616630858757340370829735141118046350716571722850655978001427072329718621860603871649272983391059668299357198563418917855764421480223032138878943232
M: 868 0.0004372596740722656 11266440690804353552193189433829767486336901379581070375165104325609758802540808109071639323808849923472668988917702299798516796526515255396785758979668012201823937881206620457303491
B: 882 0.00011587142944335938 9497596137630935307081104630124632162577476599551651898156068247720404312895003606479134932982917016875736206906978166376643856244066400517428526354559727342456358304493975479454590616
C: 882 1.9311904907226562e-05 9497596137631016271073830258059170547510149748960599201549532216174047887405084583084137959617217219015057976319573047777959782713894314150901330166046973732030915566270438146452750336
M: 882 0.0002689361572265625 9497596137630935307081104630124632162577476599551651898156068247720404312895003606479134932982917016875736206906978166376643856244066400517428526354559727342456358304493975479454590616
B: 897 0.00012087821960449219 12954728094771874910794011976124150759076622145360755595448190897197286916346990078682261389264946714250768264226751288380085720045846524926713426099379088684606226954799801010042375922402
C: 897 6.437301635742188e-05 12954728094772051731053403574645670641331252439737934690454775166026757339093161583530409457988697556055896454692234817687547390947362779181269720543280482981468088747174151699623128858624
M: 897 0.0008177757263183594 12954728094771874910794011976124150759076622145360755595448190897197286916346990078682261389264946714250768264226751288380085720045846524926713426099379088684606226954799801010042375922402
B: 911 0.00012755393981933594 10920820416459328443221811072207854881435307575238350852564743215922283679178069381290262679629826259806842091635423101972412825783917076523888382721659090269202596043912832242330879807510689
C: 911 1.7404556274414062e-05 10920820416459476630607439164474618260512823666698852594164536094413391039391457475919099657836814646612952841536916240359258297583874657732792326536402225375405989830497729268815447218716672
M: 911 0.00013518333435058594 10920820416459328443221811072207854881435307575238350852564743215922283679178069381290262679629826259806842091635423101972412825783917076523888382721659090269202596043912832242330879807510689
B: 926 0.0001316070556640625 14896007054512801578742209818310524063908842817951547083561278821708362662374112647765417748816759883651768989312866864684047647580235189330032874969193930262062822682405329929079442617207165593
C: 926 1.811981201171875e-05 14896007054513026321919396551869687540711454873031953575589511291752278432662466470434663582499058009890416496380796222070832280186445188143153633662103672101012840597977173470703621594614333440
M: 926 0.00016236305236816406 14896007054512801578742209818310524063908842817951547083561278821708362662374112647765417748816759883651768989312866864684047647580235189330032874969193930262062822682405329929079442617207165593
B: 941 0.00013589859008789062 20318164543175877812732817413986627031026543038993485460328436877553422593761968829621411099648740111127272708264842038852142963712266582163241365346363242536543959341396913936096602060750381379541
C: 941 1.8596649169921875e-05 20318164543176133189334880257808364134339268085365580093838210643463283423137774233212731408535344727194573498742685538607020604870797678093054091400195578026543471212375415580231324830733380354048
M: 941 0.00016546249389648438 20318164543175877812732817413986627031026543038993485460328436877553422593761968829621411099648740111127272708264842038852142963712266582163241365346363242536543959341396913936096602060750381379541
B: 955 0.00013375282287597656 17128188607651554136213080576704968417385770973823480987725380770015630706590733089062060353973382430366135170844640045488043622906161098406373477841129323331862577812871057251236725973848318940199045
C: 955 1.1205673217773438e-05 17128188607651775834714147764445704464241583383428714727928681154283789209944411614755883040944109656114566547975397799401744953239868899151406107517290873640812010598765808994160421804641292088508416
M: 955 0.00010132789611816406 17128188607651554136213080576704968417385770973823480987725380770015630706590733089062060353973382430366135170844640045488043622906161098406373477841129323331862577812871057251236725973848318940199045
B: 970 0.00013589859008789062 23362861818152996537467507811299195417669439511689710925227862142275523753399638967783310781704529676533897971172191948004316934631842045065771638088947558424515687624190113122357319209227560059859345335
C: 970 2.2649765014648438e-05 23362861818153207658338569675458341580887902020250290495386442724756115725656985072617535595372027480658672522459845157899973374616655480066485820604235031876440926568999763572886686249878572270706753536
M: 970 0.0003268718719482422 23362861818152996537467507811299195417669439511689710925227862142275523753399638967783310781704529676533897971172191948004316934631842045065771638088947558424515687624190113122357319209227560059859345335
B: 985 0.00013518333435058594 31866960648149294928659816867692679254669532879715739525491791687444584415267814142789524968305332452174667198814040661717933786881455455630810920726802310820362729781973127169952634638112365769967087235985
C: 985 1.52587890625e-05 31866960648149553529154187579141682207578354182839191317552270279708903682017004289043607358767615036443650682247919195194067484464193192390124956756032762887376024326499882355564417388857434179489874575360
M: 985 0.0002028942108154297 31866960648149294928659816867692679254669532879715739525491791687444584415267814142789524968305332452174667198814040661717933786881455455630810920726802310820362729781973127169952634638112365769967087235985
B: 1000 0.0001347064971923828 43466557686937456435688527675040625802564660517371780402481729089536555417949051890403879840079255169295922593080322634775209689623239873322471161642996440906533187938298969649928516003704476137795166849228875
C: 1000 2.6226043701171875e-05 43466557686938066248682622658444346753039728647538620992412908243965205190244210455114133246463567958017826994005772148529136288492079380143405638231337608316815582995434503179872644653378819108770705878024192
M: 1000 0.0004246234893798828 43466557686937456435688527675040625802564660517371780402481729089536555417949051890403879840079255169295922593080322634775209689623239873322471161642996440906533187938298969649928516003704476137795166849228875
B: 1015 0.00013709068298339844 59288416551943338727574080408572281287377451615227988184724603969919549034666922046325034891393072356252090591628758887874047734579886068667306295291967872198822088710569576575629665781687543564318377549435421485
C: 1015 9.5367431640625e-06 59288416551944248705200583794181327690688656689047095117082494662091886396760029643536085685739882603763016964526241017163737677964522215808622527066098128182059624352116114537877823622600796514189921078304833536
M: 1015 9.179115295410156e-05 59288416551943338727574080408572281287377451615227988184724603969919549034666922046325034891393072356252090591628758887874047734579886068667306295291967872198822088710569576575629665781687543564318377549435421485
B: 1030 0.00015544891357421875 80869443643408400961867481365820266716608646567831493255744762296699354419841099620239237995739990773183020862904220203382835885176654220902079109249405820675634235534404840748128514054737813126206404772596764134415
C: 1030 8.893013000488281e-05 80869443643408169367328611687182411985665789214978893733101403183325389029566049620519053839958068900377976480102333715413598222406051123533330824632578557389553172625380604962744312763388859166298481557545104179200
M: 1030 0.0007240772247314453 80869443643408400961867481365820266716608646567831493255744762296699354419841099620239237995739990773183020862904220203382835885176654220902079109249405820675634235534404840748128514054737813126206404772596764134415
B: 1045 0.00015234947204589844 110305980418025610855325972157059252373735481295973772028824040497301889348212294548928366951224238807693996709091947986173076021428690937196504572322484831369437296091016913350023868800328158791689100428199535714763545
C: 1045 5.14984130859375e-05 110305980418025286641252676797609686234026465150802888623839518867763344448594746863194613378107169619438453617069131866544177707414670310213767444619171312071688330973500245750509971387487632253401291919405800843378688
M: 1045 0.00040030479431152344 110305980418025610855325972157059252373735481295973772028824040497301889348212294548928366951224238807693996709091947986173076021428690937196504572322484831369437296091016913350023868800328158791689100428199535714763545
B: 1061 0.00015354156494140625 243445248802517700237181296021501820817278265510792584500256976387446728054411852382387817742927223853715217028187048212889478067461968833911995154800164197715485222987127412092460823325889118089426310016546346393746235461
C: 1061 5.269050598144531e-05 243445248802517783425118085080206874832266613625878924264221872977718240074924042454844248537603572183128022038667441771864431130905660920248043681532054683742817683170104547742905895755477911056666161630257928925324771328
M: 1061 0.00041866302490234375 243445248802517700237181296021501820817278265510792584500256976387446728054411852382387817742927223853715217028187048212889478067461968833911995154800164197715485222987127412092460823325889118089426310016546346393746235461
B: 1076 0.0001506805419921875 332059497845459621869287947785945510642059215047928704557827276354089985589597251960977902896300963002565003870296207360111685088984381204215193632411218984375361135064748144305965548777671174185366774092517296870765516374957
C: 1076 4.935264587402344e-05 332059497845459488690630807589804358109396692627387705756115792119912063364424665457701685940160416090935113765944872499449616849413883061321979080921108018651054113012270349943610422986776324717949707521686122566523044233216
M: 1076 0.00045871734619140625 332059497845459621869287947785945510642059215047928704557827276354089985589597251960977902896300963002565003870296207360111685088984381204215193632411218984375361135064748144305965548777671174185366774092517296870765516374957
B: 1091 0.0001499652862548828 452929398506455726747408997961325698017589586603640263809460905203955127790938706086626241938372256462722518994301055026240551350852763424518358026604057494852190303713539455960749100993566807477958369288503609478070558081676809
C: 1091 4.839897155761719e-05 452929398506454138186443933365546358791378575678105286511878963136630466411626619982322802945809389796259633585168398947146028699135679549203794136141279682257291984212987256126629516631217991962406218512388687267482966742269952
M: 1091 0.0004341602325439453 452929398506455726747408997961325698017589586603640263809460905203955127790938706086626241938372256462722518994301055026240551350852763424518358026604057494852190303713539455960749100993566807477958369288503609478070558081676809
B: 1107 0.0001518726348876953 999614977279691833215007129940328607987969375212690863318246757317287258070155799732826081300525636040759781074750011527013943043925216049749432627072677162967706502412398948759410100710663665406545011181427041218040300989550193538
C: 1107 2.86102294921875e-05 999614977279690125416664727779302299819472246542316267597804835567386507513583411247228402848112270595047247731538873980865337046997462226481226027510975712787662311020082578609489162440163214160048226422039663081442066819008430080
M: 1107 0.000255584716796875 999614977279691833215007129940328607987969375212690863318246757317287258070155799732826081300525636040759781074750011527013943043925216049749432627072677162967706502412398948759410100710663665406545011181427041218040300989550193538
B: 1122 0.00015354156494140625 1363475561864660947996495560180493919289442504628739906431643181312699924237307625002939536782542821783060980189448872081882439798445625801311479186644488128709523207153143520859487478031097118629636660692607229347890695389929401906136
C: 1122 5.2928924560546875e-05 1363475561864653853325671205859807964493074877536841269778692344752625676701411293138981341650482893072392520802565898719358760642399887624000831773779651590796703281087249728268843151145043037468755123773398528320021058703814811451392
M: 1122 0.0005314350128173828 1363475561864660947996495560180493919289442504628739906431643181312699924237307625002939536782542821783060980189448872081882439798445625801311479186644488128709523207153143520859487478031097118629636660692607229347890695389929401906136
B: 1138 0.00015616416931152344 3009189947239275089924808958230607572675761566212790786914268736347896207320589531555502858268917025832561467161595187454205192635697341895236139140679821818495083520815038124134006185408551620041705039039183078877778919340462201083299719
C: 1138 3.5762786865234375e-05 3009189947239266207739128574796118864232238553220679243907346669420477792018461413690824142088681007893523499578682572428416349981306321614897341694070508569728680615728347945569396386718165708974127030867727269219273896111375517652877312
M: 1138 0.0003399848937988281 3009189947239275089924808958230607572675761566212790786914268736347896207320589531555502858268917025832561467161595187454205192635697341895236139140679821818495083520815038124134006185408551620041705039039183078877778919340462201083299719
B: 1154 0.00016641616821289062 6641280850081518258803105374319390732401486487189124637979884669476625616856616858835369805259963093469641374964660389262558778264544235117160357772001180108930520620915581986820230791709195394334924391522816362476028727093704687861440573697
C: 1154 0.000102996826171875 6641280850081519563366268000511285229612442363435982570258336076229849080791523085595499781718523737296019874066181904501890161231861175847549457720091638939118426511514495007606425089644586069367282211381734234546164399641954720821735849984
M: 1154 0.001207590103149414 6641280850081518258803105374319390732401486487189124637979884669476625616856616858835369805259963093469641374964660389262558778264544235117160357772001180108930520620915581986820230791709195394334924391522816362476028727093704687861440573697
B: 1169 0.0001766681671142578 9058711948482804142657338414433766282926846483695096501971794667059471246568646662986646629686708925879326105744481670738653897457205871420026141442056110364111928858964996908451093785187207370941637386231972287327824319098859086869899775985469
C: 1169 6.0558319091796875e-05 9058711948482805554153422232890272949039978338509743467810892392201629595727086743858220579978684012592982228797805680090169480874086081559625998910607245978042917790915449895295049634635073278718157986294231615667425971794057734208860943548416
M: 1169 0.0005366802215576172 9058711948482804142657338414433766282926846483695096501971794667059471246568646662986646629686708925879326105744481670738653897457205871420026141442056110364111928858964996908451093785187207370941637386231972287327824319098859086869899775985469
B: 1185 0.00016951560974121094 19992573165764254558671596341846453365882451752499797915211612657005993555862638052152802363953596279538045461623860138530264009871031538386765957459555014113028475192547213551840928804357357208272264640812304151325069642769271418865213148783651810
C: 1185 5.91278076171875e-05 19992573165764311606067808920285607062678807455127789548633408337203884444263489687481310817559220862806214466199988310724209718023485589607561798946041672862848852982423396543397478472546137554689942369404187798775414845396253127507367693360562176
M: 1185 0.0005996227264404297 19992573165764254558671596341846453365882451752499797915211612657005993555862638052152802363953596279538045461623860138530264009871031538386765957459555014113028475192547213551840928804357357208272264640812304151325069642769271418865213148783651810
B: 1201 0.00016641616821289062 44123599918129761328184070469116708144736288090920570303775527162217560718317595612454571830598957302231540454477753581254621931131469148013721048087096474091343480638022841343916021420122902171449517120635369030002141373767462922576438549465743559201
C: 1201 3.62396240234375e-05 44123599918129925523848877982139971535160513668220845543084598878315969393562816660141729049290057104415069808272618387777678735629090993968930603580475817824106053189206431919176789202799421696579005449417903668233397788113950886140458446987152326656
M: 1201 0.0003528594970703125 44123599918129761328184070469116708144736288090920570303775527162217560718317595612454571830598957302231540454477753581254621931131469148013721048087096474091343480638022841343916021420122902171449517120635369030002141373767462922576438549465743559201
B: 1217 0.0001697540283203125 97380765026739217487047684853744233028979621934209946160634673235401499499333377654049187877329534812428730244986940529968812071743142538634743966362264458764580948739641218298809107433282440735031876012977618636910574686835147900854781013457747251504797
C: 1217 5.888938903808594e-05 97380765026739693356258704054195522173717658796192965862096123649562588519419209986665845827551341448836307182366644038330554334588265842476585609063566065041126965272426525054459219961616825740503452083607054754417662745437839553413678225250574055505920
M: 1217 0.0006916522979736328 97380765026739217487047684853744233028979621934209946160634673235401499499333377654049187877329534812428730244986940529968812071743142538634743966362264458764580948739641218298809107433282440735031876012977618636910574686835147900854781013457747251504797
B: 1233 0.0001723766326904297 214919304290413534864152912288143053178249880872513260255950420055003947177468046164890945190694452732072905419145723271887586987715184451297731920040469573396956062524907530762630356189232926579313178911124483696292608331703797649723579120262698718327527778
C: 1233 3.719329833984375e-05 214919304290414397439699224375024455611040865858578746816829469897298851300117255642863817349123191928727494309718811975921691004019587028365864115415519838724754726802117506382404943330917308686648210170216572403637774554899907400250204636993479220037419008
M: 1233 0.0004012584686279297 214919304290413534864152912288143053178249880872513260255950420055003947177468046164890945190694452732072905419145723271887586987715184451297731920040469573396956062524907530762630356189232926579313178911124483696292608331703797649723579120262698718327527778
B: 1249 0.00018334388732910156 474326807188177644705967990372246864620164458106014831174936416426720476019172478552536661986674779850150089831324366274115374513075340340871555712785349986222623265411522180751906897300529635678103450824975722540099149677495594577792038263638762613601602301249
C: 1249 4.0531158447265625e-05 474326807188179885945017151751564045686893592068685515655129552637532465517239687452352087244338006892088538438607577960024533789337987132458881531196355346925152134985405965721766498215603625655849136391334140332761442377292495016802674059234935529381239455744
M: 1249 0.0004448890686035156 474326807188177644705967990372246864620164458106014831174936416426720476019172478552536661986674779850150089831324366274115374513075340340871555712785349986222623265411522180751906897300529635678103450824975722540099149677495594577792038263638762613601602301249
B: 1266 0.00019073486328125 1693821161296417259201677881983821869751523890331633017456148344461638068982167430289030230699929840603486616207780767839887490644447454434446623473738284679950002379552968766477069787591719663681939977040166728605002145686638867289605126677430119144470977777780888
C: 1266 3.0040740966796875e-05 1693821161296427400058380600174842786196609364669748795986055603567703803116427442174969226024045904056382055318151508393860185124758443629045332005413120096152737486810773024040006185738185549439716930246032395349406753545476710874105684909339095581921160166637568
M: 1266 0.0002827644348144531 1693821161296417259201677881983821869751523890331633017456148344461638068982167430289030230699929840603486616207780767839887490644447454434446623473738284679950002379552968766477069787591719663681939977040166728605002145686638867289605126677430119144470977777780888
B: 1282 0.00019431114196777344 3738262535504297085368733093749017793019875986499440568588725603812244455272473104593917297315956605248943871558250586517673440546336859399507781909860378497075301120005764878011653149619634154291493459414140721492923857055593598799006704104711997924508409229077569191
C: 1282 0.00011348724365234375 3738262535504335823075428237970170732878707892134125680912867247015778680242343763354931488260975485213747494518802022609847009754194858518596868926768562004804315139726401120740986927790387546281690972328153508912159949810921165558014626147358245547991739415325048832
M: 1282 0.0013005733489990234 3738262535504297085368733093749017793019875986499440568588725603812244455272473104593917297315956605248943871558250586517673440546336859399507781909860378497075301120005764878011653149619634154291493459414140721492923857055593598799006704104711997924508409229077569191
B: 1298 0.0001819133758544922 8250343722036822370991534736226200285372996550680375003242299951465279051148279159671345186146085527854578521042442836663737443398274804247259240228438381604760509621850343532802952024140744986801662382987031532168154347519549385910540506353972701989270914697596417423649
C: 1298 5.888938903808594e-05 8250343722036908669001934004701935637860120400815231356234927316493326893813561859571433931442730309374036981884695665871951845935447140716377385018709157164416436284164670725238699923672271352896467524396174455594144194018289431400304745303410552976463165715545111658496
M: 1298 0.0006997585296630859 8250343722036822370991534736226200285372996550680375003242299951465279051148279159671345186146085527854578521042442836663737443398274804247259240228438381604760509621850343532802952024140744986801662382987031532168154347519549385910540506353972701989270914697596417423649
